P1
25 25
0100111100100101110011110101011011101001011100011110000110011100111011
1000100101010100010011110001010110000000000010011010111111001010011101
1011011001001111100101000011110111010011111010100011111100010001011010
1000010011000101101111001010000000001100001001111000000101111111010100
0011010101001010111001110110111100001001101000010010100101010100101001
1110111001011111010001101000001110011111010100101110000011011011010001
1000100001011000011100111101100100100101000010011100111110000111101011
1001010001111001111001110001011111110110001010101001111001100000111101
0011001111110111110011111000001011111110000011000011101001100001100111
1101