P1
80 80
0000011001011111100100111100010000001111011110000000011101001001001010
1100010010010001001000001000011001000101101011110010011111001101000010
1110100010100111101100001011000111001010000011001110110011010011110011
0110101110000101010010000110101110100001000100001000100111101010001001
0010110111010110000101110111110101111110110101100110100111001001110011
1001100000011111000011010101010111001010111001101100101110011101001110
1011010111010111111101010011000101001010000011100101000011110100111010
0100100100001011001111111000001011111100100101001110000000000110101011
0011110010100010011001011110101000101100111010011101100011101000110010
1010010101001101011100100000110010001011110010010100110000011111111010
1011100110010110111000111000010110100110111110101001110010111111101011
0001110001101001010111100000011011001001111011001010100010011100000100
0100011010010110100101001101000110111011110111000000000110100111101000
1101111111111101111011100001010000111000100010101001111010101101111001
1111011110001111111110011000000101000110010111000111100101101101101101
1001111001111111010100101001100100000100111001100000010111001010100110
1010001000000011100011001101001101011111110011100101011000110100001100
0110100010111000010100001010111000001000001100001011101000001100000110
1100100101100000000100000010100011101110110110100011011000010000110100
1111101001010010010001101011101010101011011000001111000101001001001100
1000100101010010100001000000010110100101000010100100000111110101010000
1000010100000110001111011001101001001001001010110001010110000110011101
0010110001010001111100010101000110101101000110000100101011100011001111
0011101111011010010110101100011110001110101000101110110000010101100011
0011110011110000001011110010110111101100011011110011101110001011101010
1010010100101000011010011111011110111110100110110011110000101010111000
0010101011100011011000010101010011101000110111000100100100101100010111
1001000000001101101001111100001101001011011100010011100010010101101000
0111001110111011011100011110001010110100111010101010011110010111101011
0011001101011010000011100001001000110101000111111110000101011111110001
1011101010101001110101111001000100110010010111100110101010110011000000
0011000100010101111100111111111000100110110110001011001110010010000111
1001111100110101011101111111000001110110100100001010101101001100001010
1011011010010010111100000000110001100000011110100010000101110110100101
1100011111101101010101101000111101100011101010001011101100101011101110
0001111110110111001100111010100110000011000010010100011110001010100101
0011111101011000000001001101000100011101010111111111101011001010011100
1011100001111010110111101011111010000000010101110101111010111010010100
1001101011011100101110101001100000010111010100000111100000010000001010
1101101100011101001001001000011101011100101101000000100100101011111101
1000100100100100000101010101001101011011001011011011110100110001100001
1000011010001111111001010111100000010111101010101000101010100101000011
1010010111101100101001110110110011000010010100010111000101110100100111
1101000010101011111001001111001011110101010111100010111100000101100110
0100111001010101001101010110001101110110011001111000101100000110011000
1010100011111010010001111101101011101100011000000100011100010001111000
0011011111011001101001001110110110001111110011101001001110101011011110
0011000001011010111110111100010111001000101010101011000010000111011011
0001111011010010010110000011001001110111010000001010110101001111001010
0100100101001111010001011010110100100011111100000110011110101010010111
0011111001111100111000010100010001110010001101011111100011010010100001
0000001010101000011101110110101101101100111101101011111100110101001010
0011111000011000101111000000010111011111100101111001001011010001010100
0000101011100101110010011000110110000101011000101100100110101100100111
0000010011110110000110010111000000011010001011011000001110011001000011
0100111110111000111110111110101011001110111011101010001110111110011100
1111000101111110011000110101100011110000110101110010001111001011000001
0000110000111110000111100101110010001001110011010001001011110111011100
1111101101000001000011100110110001110010110111011110010001011011011010
0110001110010000000101110101101110010100001001111101011011001100000010
0111010100001000010011010010010101001111110010101100000001010101001111
1001101000100110010000101011100010100000011100101110000101000001101101
0101001110100101010110111010001011110001011101010001111000100001010011
1100011000101010011111011001010111110000010011011110110010110001110110
1011000001010100110000001110000100000110011001010110100111100110101010
0110011000110111010110001000010011010010011001100011011110111100001001
0000101001010101001011111001000110100000111101001001100000101110100100
1110010101100001001010100110011010010000010011101100111000011110010000
0000011011111010010100010010011011110010101110110000010011100001110100
1101011011010000001101100000000111000001101101101001110100000011101001
1110110001101011011011010010011101010000110010111011100001000110010110
1110100101110110111111010100000111101111111100010101100111111110000100
1110010000000100001110000011111000001111111101001111011010101011010101
0001101100111101111111100000101001101011100010111101011011110010000110
1001000011110100101011100100010111101100011101111000010001000100010100
1010111001101110111101001011111010011010100010001101101010001111010111
1000110101101000011000011001101101110110000101000110111110000110000111
1010111111000011101111100110001000001110001000011100110111110010010100
1100101110110010100010010001111001111010001000010010011111000100010111
1110111001011100010010111111000101110010001111010011000111010000111101
1010101111100001110000000010111110110101001101010010100101111000001010
1100001011111011111100110010000010000001110111010101110011001000000001
1000101110111001000001001000011011001110101010110100000010011110010010
0000110010010010000000110011001001011000001000011111110111011110101001
0111101010101010101011111010010001101100111110101000101000110110010000
0111000111011111001111000010011110011010111101001110110100101010100001
0001100111001100000001000100101101111100111001011011011011000100010100
0111000011100110101111010000100100000001111000011100101101101111101100
0011000011101000111010000101111111111110000111100011011000011110001110
0100011101110100000001111010100110010100111101101101000101111110011001
0101110011001001001110101110100110001011111011011110101010100110110111
0001100111001100011111001110001010100111010000000111110011010001011010
1111110000111011101111110111101110011011001010100011