P1
80 80
1000001100110100001101101110011001000010001011001111010101101001011010
0101010011010000000101010001011001100110011011111111010010111010100111
1100101010100110101010000101110001101000101110111010101111001111001100
1100011000000101111100011011111111110011001111000100101110000111010010
1000111100100000110100011000100000111001011100111111011101111111100111
0100000101111100001011110111000000001001010100101000101011111111100000
1011110011101001010101011011001000101100010000101101001100010111101001
1011010111011100000111000011010111100110001111110001110111010011001011
0110101011001111000010101101110011001100110001111111101010111110010101
0100100011110010110001010000001001010001010000011011010000000000100110
1111111000001011011110110000010100011010000001111100110110011001010010
0100101110011101001010101111101111110101101011111001011100100011010000
1100010111010001001101101111110100100101100100100011011100001011100100
0100000110001010100101011111011001011000001000010110011101000101000000
0011010110001010011010011011011110000011111010011000001100011100000011
1000000011011010100111111110101000000011111000010011100010000001001000
1100101111101001011110111110111001111000111011001110100011101001111011
0111101100110010100001010101101110100001010010100101000010000101110110
0111101011110100011001101011101010100011101001000100110011101000011010
0101100100101011001110111110100110001001110011110001110001010011010100
1111100010111000001011001001001110000001110010010011110000100011011011
1011101101111111111111100011000011100110011100011100000001100001101110
1111111111111110011101100101010011101010101101100010011001001000110001
0100001101010001000011011011011101111001100101011110000001100010101000
1000111000111111110100110100100100101001011100000010001111110100110110
0111100100010011111001101110000010000000001000101001101110110110110110
1100111110110111000110010001101110111000111101001011100100010000001101
1100011111110010010001011010111011110000101100101011110001011100011110
1100000011000111110111011001111001011010110000111100101001101001110111
1100100011110011101000101010111100110110001011001101111001010000011000
0100111110001110011011011010110101100010000111011100101010100110010110
1001110111111011001101100110000100000111000001110000010011010110110100
0100110000000001010100011111111100011011001001110001000111101001001100
0000011000001001011100101000101001000100100010010100110010110010110001
0011001011111011101011001110101000101010000111101001001111111011101000
0010001101100101110001110010000001101011111101111101111110110011101111
0000001100000111101010001010101101100110100111001010010111101100010000
0000111000010001100000100000000100100100101001111110110110011001101111
1010011101101011000011000100011111100111001110010011111011010110000111
0101011101110100111110000100001011100010101110101110100111111010000001
1100010000110011100011001000101011001101110110000000100111101001001111
0000010011111011100000101110001011010111000111000110101010010111010000
1001110000111010000010100110100001100100011110110111101111001001111001
0000110001110110001000101011000101100101000110110001011111001111001010
1000110000001011110011100100110110101101100101000001111101111100111001
0000101100101011110111010011010010001011000101001110011010100001010111
1101000101011011101001011101010100001111011000110011000110011011111001
1100100011010010100111000101100011101101010011011000101111101111001010
1011000111101100001101110111111010111100000011011011101110011010010100
0100111110100001111001001011010000010011001011100101001110111110111110
0011000001110111001110000000110011101000111100001100101001000000010110
1010111110010001000001001001011100011110110110110111001101001101100011
1011101001010010001000001100011110011111010100100000101001001010011101
0001101001111010010111101111110100011101010010011001111111000010000110
1011001011100011100101101001111010010100010011010000100100010001001111
1001010000111011110000001000101001101011000101100101101000100000000101
0011000101000101101001111110011011111001101111011010101110111000110010
1010101011011110010101001101010101011111010111110111011001101101000010
1011100101010101101010011011001101001111010000111000001100110001111100
0011001110010011001110111100000001101101100000100111110001001000100110
0000010010111000001000000101011000101100011111111011110110010000010101
1001000110011101010110110100001110010101100011000011000010011000011001
1100111111101101110001011000001111101000011111001001100000000001110000
1010101110010100001011011001001100111110111101000111010110001111011100
1110110100011001001000010001101000011001000101001011010011101001000010
1100111110101011000000001110100011000101110011000000001010000011110110
1011110110111010010010001001111011100011010111110110110110011011111111
0100111000010100001110101011100100111011010010110001010011100110101010
1101011100111101101001101000010110011000011101101000100000010001110010
0111011110100000001011100010000111010110000010110000110111111100011000
0010100011011101010111011000011110100001101011111100001100111000011011
0001010111011001101110110011001011110011111101011101100101100011100101
1010111100011110011111100011010111100011010001010101100101000110000100
0110101111010110101100000100010000010101000000110000010001100100101111
0111111001111100001101001000111000110000111001001111001101110010100100
1111010000011011010111001111011110010110111001100011110001000101000010
0011110011010100011010111100110101111110001110111110110000001011000100
1001111110000110100000011000100100001110111100010010000000000010010101
0101001000110110100100111101101111010100111001001111110000010101000000
0110101000111001111101010010111110100000010100011100001000110011001110
1111110101101100011101110101011001110111101010111001111111010010110101
0110000101100001110100101011010011011001110010101011011110010001100110
0010000001011000001011110000110011001101000101001110000000001000100010
1001110111000000010011011110110011000001000010011000101001010101001001
1001010001000111010000101101110110001000010001100011001000111100010111
1100101110101100100001000010111101100011001111010010010010011001111110
0001101111001001011000000011110010100001100000001100010010101100000000
0000000001011000010111101101100100111111110010011011101011001000011110
1001010111100101110110110011101001001010110000111010000001101001001101
1001001110100110111010101101010110010101100111010110000110011000001010
0000011001101101100111000001101101101001101110000001001000110100011111
1110010010110111101011100011110000101100010001111101011010111011001100
1011001110011110101110110111011111111010010001001111